7.785873053542205491e-02
8.656122381346566252e-02
8.870782183323587533e-02
8.639574610761233120e-02
8.820519473935876931e-02
8.393823867823396734e-02
8.976062707390103368e-02
8.296354692535741482e-02
9.568990903241293700e-02
8.308340953929083117e-02
7.214332740221704454e-02
7.475899789375918536e-02
7.952406463027000827e-02
7.448701270563261312e-02
8.205357721660817838e-02
7.878472594703947451e-02
7.556165951703275319e-02
7.918850459371294670e-02
8.541679079404898567e-02
8.469160774137292347e-02
