sequential/conv1d/kernel:0
(128, 1, 16)
[[[ 0.18551339 -0.05106463  0.09764929 ... -0.0928161  -0.36619157
   -0.05202945]]

 [[ 0.29712984 -0.1901324   0.08216563 ... -0.15901397 -0.21336226
   -0.11888203]]

 [[ 0.20487563 -0.24945763  0.14348254 ... -0.1738512  -0.06532677
   -0.18316795]]

 ...

 [[ 0.18295687 -0.03310017 -0.18639645 ...  0.119265   -0.0252618
    0.06792598]]

 [[ 0.0667166  -0.1444111  -0.15972438 ...  0.19655058  0.10142314
    0.15640827]]

 [[-0.10017566 -0.15700556 -0.06357097 ...  0.11150094  0.1741691
   -0.03176594]]]
sequential/conv1d/bias:0
(16,)
[-2.82544009e-02 -1.83648646e-01  1.01397194e-01 -1.22567918e-03
  5.88584458e-03  4.10821624e-02 -1.69489644e-02  3.98566797e-02
 -1.30689796e-02 -5.13252132e-02 -2.47643553e-02  2.28127968e-02
  1.38664776e-02  3.78771015e-02 -1.54244568e-04 -1.06142473e-03]
sequential/batch_normalization/gamma:0
(16,)
[1.2208494  0.98028785 1.3587089  1.1528016  0.8703579  0.84464145
 1.0018967  1.1347084  1.134464   0.915479   1.0644795  0.9256954
 0.88833505 1.175325   1.3136672  1.0103475 ]
sequential/batch_normalization/beta:0
(16,)
[-3.8879205e-02  2.7557136e-04 -3.3291157e-02 -4.3894604e-01
 -2.5874251e-01  9.1035888e-02 -1.4464295e-01 -2.9579329e-01
 -1.6107854e-01 -2.2416013e-01 -7.7482529e-02 -2.9408494e-01
 -2.9502535e-01 -1.2151611e-01 -3.5278331e-02 -1.6722748e-01]
sequential/conv1d_1/kernel:0
(3, 16, 32)
[[[-0.32183763 -0.28870732 -0.0671136  ... -0.15242514  0.3193039
   -0.00408059]
  [-0.05149649 -0.18989846  0.08648896 ... -0.0671783  -0.2397066
    0.15492441]
  [-0.2948014  -0.4376683  -0.15819661 ... -0.07380689  0.17045341
    0.07264499]
  ...
  [ 0.06242331 -0.38793355 -0.18348286 ... -0.06025055  0.07065309
   -0.14684467]
  [-0.33348906 -0.24868046 -0.08889069 ... -0.032612    0.13238907
   -0.05090651]
  [ 0.02562177 -0.18768777 -0.32867166 ... -0.09282491  0.09877799
    0.08092548]]

 [[-0.4878063  -0.30606738  0.14530596 ... -0.00294594 -0.09070338
    0.00792798]
  [-0.05693932  0.02690911 -0.03015779 ...  0.08261906 -0.31671068
    0.1741153 ]
  [-0.44814727 -0.27903336  0.02136801 ... -0.06000983 -0.03801997
    0.08397394]
  ...
  [-0.18036117 -0.27193764  0.00892648 ... -0.12199759 -0.23086077
    0.09288913]
  [-0.41617796 -0.37079558 -0.01499838 ...  0.07452394 -0.04065935
   -0.08523975]
  [-0.05707875 -0.19725172 -0.03207189 ...  0.42597014  0.0543216
   -0.04050471]]

 [[-0.3190756  -0.15659197  0.06066514 ... -0.06397912 -0.0726534
   -0.15596923]
  [ 0.05976684  0.06371739  0.04634278 ... -0.1926201  -0.2652748
    0.24721204]
  [-0.37138104  0.07725231  0.1577312  ... -0.2601887  -0.01228022
   -0.13328794]
  ...
  [-0.09224028  0.07310069 -0.06058138 ... -0.10426861 -0.06276931
    0.06277359]
  [-0.31776714 -0.06088962  0.29823154 ... -0.19030848 -0.0110934
   -0.11314427]
  [ 0.01998702  0.17266789  0.1441894  ... -0.02559822 -0.00256979
    0.26474223]]]
sequential/conv1d_1/bias:0
(32,)
[ 0.01901871 -0.00298165 -0.00882441 -0.03826778 -0.009753   -0.00600379
 -0.03793383  0.03383059  0.03265173 -0.06834834  0.01616227 -0.00269445
 -0.00176899  0.00235763  0.02037833 -0.002881   -0.06857249  0.0214813
 -0.00515486  0.01165193 -0.00814362 -0.00132013 -0.04856772 -0.02621969
  0.00792923 -0.01140188  0.00808102  0.01916867 -0.0250505  -0.0070401
  0.02945058  0.01184585]
sequential/batch_normalization_1/gamma:0
(32,)
[1.6851763  1.4606282  0.52970326 1.4234216  0.86782396 0.32015282
 1.4784575  0.7490408  0.38699454 0.94381696 1.4135711  0.6085857
 1.5875448  0.97548324 0.7787858  0.52951396 1.0281872  1.1883799
 1.4970125  0.68287617 1.4881687  0.52079964 1.3781948  0.41667
 0.8820518  1.0052807  1.0398136  1.2933717  0.64392877 0.60753584
 0.38125205 0.36623648]
sequential/batch_normalization_1/beta:0
(32,)
[-0.48497108 -0.5399708   0.08201107 -0.51478565 -0.14263478  0.16225888
 -0.52322155  0.05861178  0.0975867  -0.4937035  -0.5605659  -0.15146469
 -0.5476653  -0.33112425 -0.2166172  -0.09927953 -0.40622532 -0.45594823
 -0.63029194 -0.0791932  -0.91406035 -0.28040886 -0.4460889   0.16367647
 -0.39685696 -0.34540495 -0.4718888  -0.5299488  -0.21840316 -0.11740264
  0.03744007  0.09836636]
sequential/conv1d_2/kernel:0
(3, 32, 64)
[[[ 0.09318569 -0.00385408  0.03284553 ... -0.03435288  0.01671681
   -0.08222104]
  [-0.05633952  0.11897342  0.11818591 ... -0.00742643  0.07138889
    0.01386707]
  [-0.22028777 -0.05738486  0.05890986 ... -0.07500537 -0.11499082
   -0.1433772 ]
  ...
  [-0.18516526 -0.01813856 -0.01084253 ... -0.20212226 -0.21124908
   -0.10583911]
  [-0.14490698 -0.05030867 -0.13787766 ...  0.11276487 -0.1931146
    0.08841487]
  [ 0.022934   -0.10528027 -0.1608352  ... -0.15238662 -0.00577399
   -0.21029478]]

 [[ 0.03651304 -0.10441901 -0.0822439  ... -0.01599178  0.00826491
   -0.03417268]
  [-0.05171469  0.07753927 -0.09705016 ... -0.12460338  0.03426188
   -0.11709055]
  [-0.24785876 -0.07528818 -0.13990186 ... -0.04460279 -0.13020165
    0.0073844 ]
  ...
  [-0.16743624  0.04765542 -0.0347487  ... -0.03300978 -0.10551669
    0.0139947 ]
  [-0.07390095 -0.10990498 -0.02175636 ...  0.07909995 -0.12168979
   -0.10305344]
  [ 0.01342327 -0.13643312  0.09894582 ...  0.0537741   0.10308819
   -0.23864359]]

 [[-0.07004125  0.4013967  -0.06900479 ...  0.05366666  0.03113865
   -0.06868213]
  [-0.04358903  0.1793814  -0.03412899 ... -0.15297881  0.04707072
    0.1145051 ]
  [-0.2624968  -0.03214647 -0.04043904 ... -0.12862203 -0.08334344
    0.12269942]
  ...
  [-0.20845452  0.00272724  0.04536576 ...  0.15669952 -0.14507648
   -0.05509093]
  [-0.28959388 -0.02527263 -0.02742486 ...  0.03325195 -0.14222653
   -0.11319632]
  [ 0.15943222 -0.05525212  0.10730267 ... -0.02398052  0.10629544
    0.01987591]]]
sequential/conv1d_2/bias:0
(64,)
[-0.03191538 -0.01006417 -0.00793971 -0.0086055  -0.0102624   0.00946006
  0.01153184  0.00606214  0.02144527  0.00407744 -0.03029302  0.00910736
 -0.01117296  0.0079402  -0.01064763 -0.00145812 -0.00449016  0.00742495
 -0.00268514 -0.00739235 -0.00802344  0.00867214 -0.0097984   0.01413148
  0.0138012   0.04460041  0.00251473  0.00948817 -0.00238314  0.00702749
 -0.01417145  0.00632254 -0.00571104 -0.0073139   0.00888852  0.01630802
  0.0075272   0.0049862   0.00057939 -0.01339932  0.00333431 -0.0122598
 -0.00088571 -0.00491458 -0.01233365  0.00858246  0.00848825  0.02193547
 -0.01140521  0.0193579  -0.0129228  -0.02056509 -0.024324   -0.00614329
  0.0010906   0.00069985  0.00945253 -0.00539345  0.00635242  0.00098506
 -0.00900202  0.00645093  0.00775538 -0.02819702]
sequential/batch_normalization_2/gamma:0
(64,)
[1.2061518  0.9183231  0.6143074  1.1169808  0.9539277  1.0158318
 1.2696311  0.32519525 1.2450503  1.2139009  1.1397864  1.1555806
 0.33343032 1.3477932  1.1001239  0.20412338 0.2507923  0.6377692
 0.83208543 0.90464276 1.0869347  0.4629913  1.0850048  1.0669463
 1.2158813  1.3547906  0.84897953 0.6719487  0.60515636 1.1370088
 0.9974464  0.41122076 1.301065   1.0806252  1.4924006  1.3584859
 0.5410401  0.483727   0.9004239  0.9721099  1.0676136  1.317872
 1.0150046  1.058722   1.3121662  1.346396   1.2651432  1.1469876
 1.1413212  0.85052943 1.248378   1.3507613  0.8922957  0.95743936
 0.3014841  1.207964   1.2275959  0.5799533  0.5907421  0.40720418
 1.0401462  1.1470495  1.3369365  0.98128706]
sequential/batch_normalization_2/beta:0
(64,)
[-0.35848907 -0.776723   -0.34240654 -0.09321094 -0.44840008 -0.10150433
  0.06306728 -0.5436741  -0.1563977  -0.8969537  -0.74577576 -0.40309498
 -0.19614752 -0.4019009   0.16954745 -0.41891524 -0.59561354  0.1747589
 -0.1534213   0.02488348 -0.3351172  -0.26253048 -0.18422776 -0.281224
 -0.25852364 -0.63517773 -0.17140785 -0.1908651  -0.57091    -0.74743253
 -0.30555776 -0.01708655 -0.40804064 -0.82786065 -0.85965383 -0.6831302
 -0.24731612 -0.07495599 -0.09443641 -0.5729397  -0.3426602  -0.42755902
 -0.06840239 -0.11316663 -0.33461317 -0.29123187 -0.3959366  -0.18155058
 -0.74419636 -0.286095   -0.6010186  -0.42178044 -0.5118245   0.23464917
 -0.45580643 -0.4317053  -0.28624865 -0.25785774 -0.07977995 -0.18159823
 -0.27892452 -0.38574308 -0.41566506 -0.14043424]
sequential/conv1d_3/kernel:0
(3, 64, 64)
[[[-0.06031048  0.01206279 -0.16817674 ... -0.06405572  0.09883476
   -0.00333966]
  [-0.0863814   0.03997927 -0.01078106 ... -0.20090087  0.0042119
   -0.17140935]
  [-0.0105427  -0.04700366  0.01450567 ...  0.10040078  0.01418972
    0.12230546]
  ...
  [-0.0372142  -0.14540383 -0.21850224 ...  0.02948723  0.10730433
   -0.03148233]
  [-0.17206177  0.10624608 -0.00054707 ... -0.01907358  0.05392841
   -0.06480873]
  [ 0.08018736 -0.09381644 -0.1319967  ... -0.05322026 -0.10685007
    0.03819566]]

 [[-0.07797498 -0.0787437  -0.15098324 ... -0.01343063  0.15781139
    0.08921975]
  [-0.05356552  0.0220137  -0.05281411 ... -0.1125387   0.02656772
   -0.1313887 ]
  [ 0.09385144 -0.01481261 -0.04645726 ... -0.07807288  0.05902201
   -0.00896092]
  ...
  [-0.00579604 -0.17791961 -0.17412171 ...  0.02150136  0.03022603
    0.06360153]
  [-0.18266879  0.08305875 -0.03231424 ...  0.03041511  0.124455
    0.06848431]
  [-0.03911242 -0.12698929 -0.05837998 ...  0.15715736 -0.03302884
    0.02623828]]

 [[-0.04605234 -0.0810637  -0.11894307 ... -0.13455485  0.07662255
    0.12102147]
  [-0.0272789   0.21956177 -0.09098157 ... -0.15711653  0.12103643
    0.01996231]
  [-0.05919715  0.01200232  0.05824155 ...  0.02423918 -0.08937688
    0.08987048]
  ...
  [ 0.06885425 -0.18166332 -0.08612307 ...  0.05166666 -0.09190132
    0.19174698]
  [-0.04139192  0.05410784  0.07153872 ... -0.24600844  0.04871804
    0.05398244]
  [ 0.05105945 -0.04495346 -0.11031518 ...  0.00238548 -0.08581471
    0.06411613]]]
sequential/conv1d_3/bias:0
(64,)
[-0.00934359 -0.00189162  0.00196319  0.0005794   0.00468196 -0.0056305
  0.00146714 -0.00202411 -0.00142263 -0.00359794  0.00094829 -0.0004833
  0.00066345  0.00086845 -0.00223221 -0.00366623 -0.0052446  -0.00211507
 -0.00312139  0.00422104  0.00784918 -0.00306545 -0.00539308 -0.0025033
  0.00013938 -0.00552945 -0.0025665   0.00079299 -0.00475553  0.00510457
 -0.00208279  0.00685654  0.0015504   0.00118488 -0.00342311  0.00347837
 -0.00299073 -0.0026871   0.00420339 -0.0031156  -0.00123325  0.00666974
  0.00158997 -0.00543194 -0.00348425  0.00726235  0.00368748  0.0021831
 -0.00233963  0.00811645 -0.00104163 -0.00152553  0.00131718 -0.00183442
 -0.00627541  0.01151227 -0.00039022  0.00366994 -0.00269112  0.00044496
 -0.0009363   0.01000574 -0.00344648 -0.00405788]
sequential/batch_normalization_3/gamma:0
(64,)
[0.9982083  0.90698534 1.0273101  1.2224659  0.86662596 1.2937664
 0.9559288  1.3543469  0.73207474 1.2223101  0.9715328  0.7978953
 1.0672709  0.9448961  0.69263566 1.187035   1.2285969  0.09630889
 0.92444557 1.2681391  0.7187317  1.2585605  0.9948632  0.76138324
 1.2392211  1.1940029  1.0908526  0.7126983  1.2015134  1.355063
 1.2289447  0.91569835 0.9885404  0.46664146 1.2560792  1.0854387
 0.78686804 1.1560326  1.1084958  0.99789464 0.9965119  1.5145445
 0.30884826 1.1939794  1.151073   0.7588159  0.98582727 1.3679916
 0.9674063  0.95931864 1.223415   1.1671716  1.0387853  0.8950222
 1.3526369  1.0319346  0.7458124  0.75246537 0.42002565 0.8406968
 1.0209051  0.96259874 1.6063132  1.1365331 ]
sequential/batch_normalization_3/beta:0
(64,)
[-0.10467054 -0.20252626  0.17682847 -0.6515011  -0.60925424 -0.40764838
 -0.2514752  -0.35230616 -0.4713146  -0.67819554 -0.00314216 -0.05576969
 -0.6430657  -0.11180519 -0.54290384 -0.4156977  -0.63244635 -0.38103664
 -0.3790972  -0.51137704  0.03876272  0.01219997 -0.46315968 -0.95523095
 -0.20621988 -0.25749317 -0.49541378 -0.09806735 -0.2540214  -0.4729762
  0.05044864  0.13067786 -0.37368298  0.00649498 -0.7569542  -0.11127326
 -0.56316864 -0.35415715 -0.4218905   0.04189409 -0.18761548 -0.5186462
 -0.8546093  -0.46726108 -0.32923076 -0.5829331  -0.19244222 -0.6554754
  0.01062523 -1.1004483  -0.33190867 -0.46692827 -0.72532105 -0.7898888
 -0.48869312 -0.90451497 -0.8208371  -0.14993599 -0.12929548 -0.02208831
 -0.23141971 -0.3765058  -0.45708084  0.18737912]
sequential/conv1d_4/kernel:0
(3, 64, 128)
[[[-2.51711130e-01 -5.21082664e-04 -4.14414797e-03 ...  3.06975853e-32
   -1.30231813e-01 -1.17000178e-01]
  [-5.35386764e-02 -1.12033039e-01  4.47413065e-02 ... -1.92230443e-32
   -7.04245567e-02  5.25646843e-03]
  [-1.27838165e-01 -3.15466523e-02  7.23446459e-02 ... -2.06759112e-32
   -9.33142658e-03 -1.73023995e-02]
  ...
  [-4.96638343e-02  6.80759847e-02  1.17017580e-02 ...  2.37625742e-32
   -1.16212845e-01 -2.24434566e-02]
  [ 1.10203475e-01 -2.63223425e-02  8.55610743e-02 ... -2.43003761e-32
   -1.79370195e-02 -1.59337357e-01]
  [-2.24501446e-01  5.81433773e-02 -3.41714472e-02 ... -2.50161919e-32
   -2.11246451e-03 -1.14631735e-01]]

 [[-4.17038240e-02  4.60738130e-02  8.47327895e-03 ...  2.57549813e-32
    7.86949843e-02  1.22033753e-01]
  [-1.44814670e-01  1.67749189e-02  8.04774612e-02 ... -2.02256660e-32
   -9.84084457e-02 -1.60691723e-01]
  [ 8.55572969e-02 -4.89760973e-02  1.23375282e-01 ... -1.54683875e-32
    1.51627464e-02 -1.80739518e-02]
  ...
  [ 3.21860127e-02 -5.51065058e-02  1.30526861e-02 ...  2.33474014e-32
    5.51737323e-02 -6.27894327e-02]
  [-4.56418693e-02 -8.29277635e-02  1.33037761e-01 ... -2.83590010e-32
   -6.29218817e-02 -1.82789356e-01]
  [ 6.99002966e-02  1.87341332e-01 -5.17414995e-02 ...  2.39526223e-32
   -4.89668660e-02  8.16113651e-02]]

 [[-6.02688938e-02  1.08082466e-01  5.21577895e-02 ... -2.02217016e-32
   -3.66832763e-02  1.23439550e-01]
  [ 3.66757195e-05  4.21075448e-02  1.13680206e-01 ... -2.11467819e-32
   -4.30540591e-02  7.11370856e-02]
  [-1.48463875e-01 -1.27370477e-01  1.23791717e-01 ... -2.63985321e-32
    5.16673841e-04  6.77723438e-02]
  ...
  [-9.62783583e-03  5.27094603e-02  4.74547595e-02 ... -1.29846796e-32
    9.25603658e-02  7.91495591e-02]
  [ 1.49439842e-01 -4.20698673e-02  5.25659956e-02 ...  2.00230622e-32
    4.74021845e-02  1.27818257e-01]
  [ 1.00901924e-01  2.47240122e-02 -7.94233680e-02 ... -2.70146058e-32
   -1.13971308e-02  2.27763802e-02]]]
sequential/conv1d_4/bias:0
(128,)
[-3.02308449e-03  1.16645254e-03 -1.47488539e-03  1.90458167e-03
 -6.37474877e-04 -2.76208884e-04 -5.76250546e-04  2.52813508e-04
 -2.89808796e-03 -3.56057356e-03  1.14002195e-03  1.78438309e-03
 -4.73244028e-04  6.06835179e-04  1.87364931e-03  4.93809057e-04
  5.43745933e-04 -6.02831133e-04 -4.00129613e-03  1.36941159e-03
 -9.76498632e-05 -1.43293873e-03 -2.05718400e-03  4.14537173e-03
  2.43206345e-03 -1.20599725e-04  2.55838298e-04 -9.07077745e-04
 -2.91402265e-03  2.14861683e-03  2.41879374e-03 -3.28687462e-03
  6.05190056e-04 -6.80097903e-04 -7.63385207e-04  7.40445743e-04
 -8.47531203e-03 -5.18017157e-04  3.36861983e-03 -4.22047032e-03
  2.07848847e-04  1.33795710e-03 -6.13961078e-04  7.71395338e-04
  8.57508421e-05 -6.10339011e-05 -1.23113103e-03 -2.41875445e-04
  5.28562814e-03  1.95670314e-03 -1.11458928e-03  1.28799677e-03
 -9.73797287e-04 -2.01218389e-03  1.63831073e-03 -1.78169401e-03
  2.78327102e-03 -1.00233441e-03 -1.13191863e-03  2.04301253e-03
 -2.57906877e-03 -4.83305473e-03 -2.54916749e-03  4.12478374e-04
 -2.74626026e-03 -2.32825085e-04 -3.60386388e-04  7.41348122e-05
  2.65682768e-03 -2.48559820e-03  1.71399454e-03  1.52755086e-03
 -3.17362283e-04 -3.49528552e-03 -8.97857884e-04  6.49677648e-04
  1.31179416e-03  2.11016252e-03 -1.11797825e-03 -2.74617970e-03
  3.36029404e-03  5.82225155e-04 -5.84131922e-04  5.04132034e-03
  8.93860823e-04  1.35525060e-03 -3.04765161e-03 -1.02592085e-03
  1.19960308e-03  2.67747382e-04 -3.87854129e-03 -1.08669349e-03
 -1.32815141e-04  6.95397088e-04 -1.85991393e-03 -2.16974225e-03
  1.73567387e-03  4.13726829e-03 -1.47866958e-03  1.37109181e-03
  3.50661110e-03  4.12151770e-04 -7.87898083e-04  7.15268659e-04
 -1.54729187e-03 -1.13800599e-03 -1.09236233e-03  3.14637111e-03
  3.94576928e-03  2.10909871e-03 -3.58435849e-04 -6.04054367e-04
  2.84855614e-05 -1.30725512e-03  3.48776416e-03  6.28150956e-05
 -3.20321473e-04  2.14956654e-03 -2.13452103e-03 -6.42967736e-03
  8.70768621e-04 -4.15791618e-03  7.92065228e-04  2.51758815e-04
  1.25275087e-03 -1.75653223e-03 -1.57864555e-03 -1.26437459e-03]
sequential/batch_normalization_4/gamma:0
(128,)
[1.3087909  1.3456969  0.7924892  1.56874    1.2541025  0.3355354
 0.35797033 0.30292758 1.1985848  1.1291212  0.9214016  0.9779415
 0.38479033 1.3658919  1.5130578  1.2415872  0.40895623 0.3827524
 1.126503   0.3452242  0.31173927 1.1901474  0.39982107 1.5548359
 1.462318   0.3279883  0.25705042 0.27654627 1.6439685  1.1267631
 1.6260626  0.3405113  1.4675881  1.4460078  1.0957284  1.1402907
 1.5420253  0.379209   1.2898873  1.5949855  0.6060736  0.33668894
 0.34796897 0.30490518 0.26098981 1.1990252  1.0715976  0.42972493
 1.414361   1.1695939  0.96979314 1.2962217  0.44303045 0.31729427
 0.80327934 0.3578684  0.24454436 0.4639132  1.0347565  0.81929004
 0.7932589  0.77841514 0.20757452 0.27129376 1.3457474  0.35139212
 1.1168563  0.31823578 1.4230615  1.4061278  0.7584417  0.36891246
 0.32610095 0.73028487 1.0344864  0.2142965  1.2604842  1.3023823
 1.8619192  0.91455984 0.9978311  1.1654875  0.47094905 1.2292957
 1.134779   0.84711933 0.9319291  0.80263495 0.4210021  0.315417
 1.0550169  0.22827962 0.2785932  1.3133755  0.2957161  1.4561054
 1.2876233  1.8561589  1.0801498  1.53569    1.5069177  0.19690457
 1.0742433  1.4743503  0.2760386  0.7258026  0.34911886 1.1502075
 1.2940887  1.69421    0.13643776 1.3657929  0.45166013 0.7691218
 0.85849583 0.26732254 0.2905189  0.26223493 1.572501   1.3944881
 1.0705302  1.4807086  1.3683578  1.1921853  0.3274059  0.20175312
 0.79613036 1.3144748 ]
sequential/batch_normalization_4/beta:0
(128,)
[ 0.17224525  0.09694576 -0.20857164  0.01026158 -0.26406083 -1.0098959
 -0.62803584 -0.77208    -0.27918372  0.04362584 -0.26062137 -0.10670824
 -0.85075414  0.18718658 -0.14517692 -0.2010578  -0.78589755 -0.46161687
 -0.30409926 -0.57864076 -0.7588901   0.00434632 -0.74563277 -0.32574147
 -0.16323334 -0.63527614 -0.4721381  -0.58598393 -0.0208389  -0.02208508
  0.01337081 -0.8851601   0.3031684  -0.12980478 -0.62014604 -0.16402513
 -0.20346642 -0.76003027 -0.42278364  0.00291002 -0.5127505  -0.7954789
 -0.8056719  -0.5596628  -0.35011414 -0.02469256 -0.42041638 -1.0194937
 -0.45662546 -0.16203612 -0.7635522   0.0758289  -0.89965737 -0.8622701
 -0.45668888 -0.92846525 -0.6618312  -0.7772042  -0.36905706 -0.1748412
 -0.59395194 -0.29741675 -0.41075504 -0.9825806  -0.09745316 -0.8531032
  0.37361678 -0.64130086 -0.37085718 -0.23216917 -0.6237698  -1.0743374
 -0.8431588   0.23621722 -0.49267015 -0.56052536 -0.06984167 -0.3847295
 -0.01639748  0.01920276 -0.47363248 -0.5333093  -0.6915573   0.02015948
 -0.17354679 -0.71549386 -0.29037178 -0.73827857 -0.6268824  -0.7355807
 -0.07688668 -0.4821282  -0.7752401  -0.15128765 -0.80543935 -0.37778714
 -0.0631043  -0.07622018  0.32645813 -0.03153011 -0.07729915 -0.6017138
 -0.6642548   0.04619356 -0.8575376  -0.5541395  -0.8055073  -0.08831456
  0.22876316  0.27103576 -0.58123255 -0.540783   -0.72105616  0.16756377
 -0.557214   -0.46001133 -0.7276382  -0.54049915 -0.0513709  -0.01031316
 -0.01872896 -0.04279957  0.15588826  0.0012165  -0.7973228  -0.61910707
  0.22036573  0.06963693]
sequential/conv1d_5/kernel:0
(3, 128, 128)
[[[-1.43957332e-01 -2.55344678e-02 -3.27328816e-02 ...  4.55142743e-33
    2.44919434e-02 -1.03601348e-02]
  [ 1.77998632e-01 -2.30438784e-02 -9.97207239e-02 ...  2.25018991e-32
   -5.72175197e-02  4.64427434e-02]
  [-6.38611987e-02 -5.17081097e-02  9.08068419e-02 ...  1.10352853e-32
    2.76972912e-02 -1.58229526e-02]
  ...
  [ 2.98320101e-32  2.22954720e-32  1.31977541e-32 ... -3.91431684e-32
    2.67563379e-33  2.59344000e-32]
  [ 6.10325746e-02  1.15311019e-01 -5.61776049e-02 ... -2.63573164e-32
    2.51053199e-02  7.58693740e-02]
  [ 8.84530321e-02  2.56477654e-01  1.05491996e-01 ... -1.74456601e-32
    1.10057041e-01 -3.00450549e-02]]

 [[-2.15034597e-02  1.49430623e-02 -6.68189162e-03 ...  1.18949846e-32
    1.05224084e-02 -1.56932115e-03]
  [ 1.42926693e-01 -4.63011935e-02 -7.60707632e-02 ...  2.89117097e-32
   -5.35049513e-02  1.65962260e-02]
  [-6.08705264e-03 -2.64007114e-02  8.16606954e-02 ... -1.50019498e-32
    7.14284107e-02 -5.92450472e-03]
  ...
  [ 2.44510407e-32 -2.56828265e-32 -8.87623498e-33 ...  4.73462896e-33
   -2.51293950e-32  2.35181375e-33]
  [ 2.93573700e-02  9.00115520e-02  2.44373269e-02 ...  3.11910138e-32
    3.43432948e-02  7.92133212e-02]
  [-4.42692079e-02  9.52878296e-02  6.57001957e-02 ... -2.35037465e-32
    1.85088646e-02  3.49817313e-02]]

 [[-6.41818251e-03  2.95892861e-02  3.72420140e-02 ... -1.91113811e-32
    1.72443781e-02 -3.10248137e-02]
  [ 1.85469031e-01  8.55198409e-03  7.45891035e-03 ...  1.69082681e-32
   -5.76677024e-02 -4.80347946e-02]
  [ 1.66058242e-02 -2.27628760e-02  2.33440828e-02 ...  2.40702349e-32
    7.98034593e-02  1.25730345e-02]
  ...
  [ 1.02141217e-32 -3.62357271e-32  4.74808470e-32 ... -2.45583339e-32
   -3.91991602e-32  2.25871519e-32]
  [ 2.81400420e-02 -1.56036690e-02 -4.13601138e-02 ... -2.60695495e-32
   -6.43829331e-02 -7.85861388e-02]
  [ 3.01474463e-02  3.18996832e-02  4.80397865e-02 ... -2.68213604e-32
    3.38961147e-02 -2.53195874e-02]]]
sequential/conv1d_5/bias:0
(128,)
[ 5.3660566e-04 -5.6212366e-04  3.6331973e-04 -5.8253825e-04
 -1.5640487e-04 -2.5273152e-04 -1.1271038e-03  1.1673144e-03
 -9.4287920e-05  7.2344881e-04  1.0354167e-03 -1.9244880e-04
  4.3706509e-04  7.7102741e-05 -7.7180192e-04  7.0345629e-04
 -1.2865334e-03 -2.7727990e-03 -8.7961518e-05 -2.7472197e-04
 -5.4341700e-04  6.0867361e-04  1.1407933e-03 -1.5363128e-04
  1.2715583e-03  4.1914871e-05  6.2551181e-04  5.7332701e-04
  1.0507227e-03  6.2310818e-04  8.8446657e-05  5.4418220e-04
  2.2687234e-03 -7.7029300e-04 -1.0041647e-03  1.2090073e-03
 -1.2337100e-03 -1.8095304e-04 -1.9964129e-04 -1.6483702e-04
  1.4350604e-03 -5.6008028e-04 -3.3162601e-04  2.9402119e-04
 -1.2568855e-03 -1.6533969e-04  2.1622523e-03  1.3987249e-03
 -9.7858207e-04  7.4651727e-04  5.3298497e-04 -3.9649705e-04
  2.0695843e-04  1.5993686e-04 -1.2443344e-03 -1.2092616e-03
  1.6831683e-03  2.7580478e-04  2.4011754e-03  1.6679731e-04
 -5.4050499e-04  1.2487918e-03 -8.6656393e-04  1.5414219e-03
  8.6929766e-04 -6.1862229e-04 -3.1334246e-03  8.1832794e-04
 -4.0074429e-04 -4.4443426e-04  1.0439005e-03 -9.4045844e-04
  1.6823921e-03  4.9625502e-05  1.0610367e-03  1.9546589e-04
  2.6827052e-04  3.0160407e-04 -1.0238847e-03  6.3638258e-06
  1.9300014e-05  5.9275288e-04  1.2649611e-03 -1.9219100e-03
 -3.6983800e-04  3.7481234e-04  5.6473444e-05  1.1905931e-03
 -1.0511817e-03  1.2774214e-03  1.9032862e-03  1.2635273e-03
 -4.1266019e-05  5.3376169e-04 -1.7255660e-03 -1.3008731e-03
 -5.8763666e-04 -2.8283065e-04 -6.2067143e-04 -1.1140164e-03
 -2.6583995e-03 -1.2791388e-03 -4.1361713e-05  2.2051437e-04
  5.5435195e-04  6.9432193e-04 -8.8817033e-04 -1.4926741e-03
  1.2073219e-03  1.6523011e-03  2.4376789e-03  9.5460488e-04
  2.5842532e-03  5.3584453e-04 -5.9828477e-04  1.0542646e-03
  1.2448727e-03  1.4895432e-04 -9.6207070e-05 -6.1720049e-05
  2.5342416e-04 -3.8459152e-04  4.4154505e-05 -5.8349018e-04
 -8.4111933e-04 -1.1351135e-03  1.0696161e-03  4.3317101e-05]
sequential/batch_normalization_5/gamma:0
(128,)
[1.474523   1.1764017  1.410044   0.75467086 1.2701162  1.1900654
 1.004242   1.2011204  1.3004107  1.4451437  1.0895429  1.0757061
 1.150446   1.0314722  1.1787245  1.0540422  0.49583805 1.2565284
 0.87179124 1.0310144  1.1743902  1.2730033  0.3135195  1.2502816
 1.2363545  1.3405001  1.3111411  1.1837134  0.8235091  1.3094404
 0.7462281  1.3390303  1.0672184  0.9406616  1.2565395  1.2303041
 1.262245   1.3819928  0.9910842  1.2375194  1.2985632  0.9292255
 1.171394   1.10192    1.3025174  1.3149369  1.0299045  1.379053
 0.97650623 0.9617161  1.2243714  0.9919791  1.4126464  1.2783636
 1.0844802  0.2835381  1.0904181  1.3125242  1.2010957  1.3504031
 1.57736    1.1136458  0.861447   0.7044403  1.0582834  1.150332
 1.3487201  1.171237   1.1225234  0.87970614 1.8276349  1.1538832
 0.8989211  0.7828666  1.1424212  0.875876   1.5821396  0.50408214
 1.0801778  0.6774956  1.142083   1.0399492  0.9463635  1.2485605
 1.1357192  0.7304876  0.50159353 0.8799547  1.1278387  0.7430046
 1.1559429  1.2110182  1.0456619  0.8488422  0.9299462  0.51306117
 1.236495   1.1298697  1.6853576  1.0793784  0.94850373 1.4168413
 0.74438053 1.2428032  1.168617   1.0822467  1.0458918  1.1342393
 1.2147995  1.4005532  1.3497937  0.53743315 1.1578654  1.1370105
 1.2369248  0.8944066  0.2986355  1.1575117  1.5607513  1.2580096
 1.4046141  1.2393409  0.48645857 0.6640142  1.254271   0.32279813
 1.0795946  1.3000175 ]
sequential/batch_normalization_5/beta:0
(128,)
[ 0.3110586   0.4229448   0.4546615   0.08385623  0.13181295  0.11479987
  0.09361362  0.00936635  0.31606048  0.43997958  0.10393827 -0.03315757
  0.290665    0.19254938  0.29892042  0.05779408 -0.60027224  0.25792205
  0.31088567  0.18764466  0.24115798  0.29946965 -0.59556514  0.2361897
  0.2290807   0.46819872  0.1316743   0.2491197  -0.04539691  0.12589988
 -0.4653614   0.50832725  0.33679196  0.1219799   0.3056834   0.2125724
  0.38203448  0.30392703  0.2662845   0.13815603  0.10540632  0.26834598
  0.2551793   0.19635272  0.1676274   0.18497784  0.01974303  0.42829242
  0.15977754  0.02195699  0.23160909  0.13992824  0.52338475  0.22344126
  0.3568326  -0.55513805  0.14388032  0.36261976 -0.070209    0.25840718
  0.51369697  0.3789824   0.11929084 -0.00611658  0.2806923   0.15795973
  0.07702049  0.22789447 -0.05416464 -0.0978539   0.3814229   0.29760018
 -0.02513248 -0.38747308  0.19300704  0.198579    0.5308922  -0.20809723
  0.17081931  0.08911705  0.44214475 -0.02985083 -0.16435817  0.2814632
  0.15729201 -0.09072457 -0.18807243  0.3332877   0.29186106 -0.378225
  0.12784597  0.40684193  0.31899863  0.14698368  0.1427495  -0.2727384
  0.51727146  0.31853607  0.40151957  0.4147517   0.33894178  0.25390416
 -0.4148852   0.27906263  0.35538536  0.14090964 -0.3596141  -0.01741054
  0.09588224  0.43011355  0.29308465 -0.4816559   0.39048734  0.11340104
  0.31725615  0.00880385 -0.5411507   0.1939626   0.36063835  0.5092429
  0.3561967   0.12874368 -0.6598449  -0.10353789  0.25946447 -0.67360795
 -0.41941327  0.13682653]
sequential/dense/kernel:0
(128, 100)
[[ 2.89459665e-32  3.00666064e-32 -2.57843892e-32 ... -4.99661118e-02
   1.30005434e-01  2.74855323e-32]
 [-2.69690142e-32 -2.84823898e-32 -2.84283993e-32 ...  1.02096640e-01
  -3.77768502e-02 -2.84073286e-32]
 [-2.92929607e-32 -2.87966611e-32 -2.94765994e-32 ...  2.38924623e-02
   1.20292835e-01 -2.61868050e-32]
 ...
 [-2.91988065e-32 -2.85134786e-32 -2.65701837e-32 ... -2.73079063e-32
   1.58319444e-32  2.65300817e-32]
 [-2.57525245e-32 -3.05718457e-32 -2.85454256e-32 ... -9.60291252e-02
   1.27778903e-01 -3.73875882e-32]
 [-2.45320396e-32 -2.71600262e-32 -2.88649103e-32 ... -1.18927218e-01
  -1.96944952e-01 -2.85055382e-32]]
sequential/dense/bias:0
(100,)
[-0.05971783 -0.05805267 -0.05520832 -0.053516   -0.08276006 -0.10361791
 -0.34726954 -0.03172502 -0.04310355  0.3716875  -0.01701155 -0.02655531
 -0.43856502 -0.00291376  0.39416215 -0.37195793 -0.06345602  0.42266423
  0.38844773 -0.09733029  0.08087956 -0.34231937 -0.06483623  0.12754011
 -0.07955436 -0.19400427 -0.07036082  0.2223289   0.12986465  0.10757972
 -0.0105237  -0.0040972  -0.0238043   0.6241716  -0.29585105  0.32260138
 -0.0493101   0.10864922 -0.01043588 -0.03039659  0.20644374  0.977343
 -0.27401453  0.41745663  0.53456086 -0.06548821 -0.09969907 -0.19948617
 -0.00960495 -0.04163049  0.17354813 -0.03764788 -0.09607365 -0.011921
  0.2102433  -0.0846907  -0.09565268  0.16093121 -0.05724716 -0.0052339
 -0.0785111  -0.06558885  0.33458787 -0.05694422 -0.0651359  -0.05513339
 -0.02764888 -0.07984558  0.4078827  -0.0013707  -0.0467346  -0.37119466
 -0.05324148 -0.05592386 -0.08836585  0.12700364 -0.03030241 -0.10018619
 -0.23482502  0.3991315  -0.11052682  0.5425273  -0.02906318 -0.00178827
 -0.04072795 -0.10242603 -0.15257876 -0.07622949 -0.08745698 -0.01712441
  0.6969497  -0.0665859  -0.0809276   0.74771947 -0.01765909 -0.07528347
  0.74920374  0.24463177  0.40888113 -0.1894682 ]
sequential/dense_1/kernel:0
(100, 10)
[[-2.84659328e-32 -2.69201842e-32 -3.13094507e-32  2.98839816e-32
  -2.82255002e-32 -2.84626767e-32  2.72367154e-32  2.93541305e-32
   2.93644425e-32 -6.20952981e-33]
 [ 2.71638054e-32 -2.79896255e-32  2.79053837e-32 -2.77366826e-32
   2.90523370e-32 -2.83379744e-32  2.74230078e-32  2.75741764e-32
  -2.84612837e-32 -3.07186326e-32]
 [-2.84837151e-32 -2.90630634e-32 -2.59509921e-32 -2.87183673e-32
  -2.40801957e-32  6.60003197e-33 -2.91181970e-32 -3.12229079e-32
   2.94719562e-32  2.80112781e-32]
 [-6.99824691e-02 -1.67348951e-01  3.18414539e-01 -1.50926396e-01
  -1.11683346e-01 -1.71571359e-01 -1.12562165e-01  2.14672536e-01
  -1.47598356e-01 -1.42956555e-01]
 [-2.82767253e-32  2.92937600e-32  2.80198621e-32 -2.90643270e-32
   2.94733491e-32  2.85721358e-32  2.74761460e-32  2.93129999e-32
   2.89394543e-32 -2.76172553e-32]
 [ 2.95021899e-32  2.51256216e-32 -2.68434039e-32 -3.11998094e-32
   3.16394091e-32  2.82041737e-32 -2.77609125e-32  2.63301507e-32
  -2.91915626e-32 -1.17245202e-32]
 [-1.68250501e-01 -7.06756413e-02 -1.90396801e-01 -1.51004091e-01
  -1.31401315e-01 -6.15385063e-02  2.92764723e-01 -2.81086802e-01
   2.44224101e-01 -1.25886440e-01]
 [-2.99936891e-01 -1.93770230e-01 -2.18436494e-01 -2.04796270e-01
  -1.38335750e-01  6.45518243e-01 -2.84541517e-01 -2.72692926e-02
  -2.06520259e-01 -8.81019756e-02]
 [-3.20194875e-32 -3.21821054e-32 -1.12743030e-32  3.12118700e-32
   2.79596357e-32 -3.07453663e-32 -2.94784361e-32 -1.11537332e-32
  -2.98947021e-32  2.91702538e-32]
 [ 1.39008733e-02 -3.43800575e-01  1.60410568e-01 -1.56066284e-01
  -9.84263048e-03 -1.00007258e-01  1.17045432e-01  1.78790838e-01
  -2.50727266e-01 -2.35676214e-01]
 [ 3.04138739e-32 -2.87937900e-32  3.02205110e-32  2.92080547e-32
   2.93514415e-32 -2.83577873e-32  3.05789809e-32  2.97848404e-32
  -2.90700488e-32 -2.81438768e-32]
 [ 7.93437809e-02  7.43909851e-02  2.61203229e-01 -4.65177864e-01
   2.59942174e-01 -9.24297869e-02 -4.76308048e-01 -4.44273919e-01
   2.79419404e-02 -4.25138086e-01]
 [-2.85193826e-32  3.07230877e-32  2.87909658e-32 -2.81705252e-32
   3.02569601e-32 -2.87571263e-32  2.75517714e-32 -2.78830551e-32
   2.86834728e-32 -2.91998674e-32]
 [ 2.98216628e-32 -2.93416614e-32 -3.19490666e-32 -2.96651457e-32
   3.39825249e-32 -2.97569606e-32 -2.87571322e-32  2.58171797e-32
  -2.77229029e-32 -2.87562976e-32]
 [-3.53823334e-01 -2.76112258e-01 -3.27826560e-01  5.98585844e-01
  -3.26669425e-01 -3.48911494e-01 -3.78359139e-01 -2.16487244e-01
  -2.18733951e-01  5.57865202e-01]
 [-2.85534337e-32 -2.98238521e-32 -2.72848167e-32  2.91145177e-32
  -2.89570544e-32  3.05653128e-32  2.93282902e-32 -2.99276365e-32
   2.79978774e-32 -2.72495901e-32]
 [ 2.79561386e-32  3.24762082e-32  2.61928647e-32 -2.61969966e-32
  -2.95835135e-32 -2.81554407e-32  2.63751427e-32  5.30767908e-32
  -3.02499013e-32 -2.80031084e-32]
 [-4.49339807e-01  4.15862083e-01  1.70587748e-01 -2.34385878e-01
  -1.81796968e-01  5.30627221e-02 -1.68393523e-01 -6.03222810e-02
  -1.22728780e-01 -2.37590060e-01]
 [-1.90993413e-01 -1.29415676e-01 -1.73637137e-01 -1.58918753e-01
  -1.99146479e-01 -2.79357098e-02 -1.70958146e-01  6.91918492e-01
  -1.60915136e-01 -1.05098903e-01]
 [ 2.85609569e-32 -3.01697355e-32  2.83252967e-32  2.74046701e-32
   2.92247086e-32  2.77216950e-32  2.90271138e-32 -3.09399605e-32
   2.69878604e-32 -3.15164406e-32]
 [ 2.36929413e-02  1.96026340e-02  1.08535793e-02 -5.56944348e-02
  -2.82054693e-02 -1.82799734e-02  1.16701480e-02 -1.37603674e-02
  -1.86993666e-02 -3.20502147e-02]
 [ 4.99264570e-06 -1.38631269e-01 -1.92765445e-01 -1.27032742e-01
  -2.03635827e-01 -4.78252359e-02 -1.04507588e-01 -2.83605963e-01
   4.99732047e-01 -2.07917348e-01]
 [ 2.81724295e-32  2.92486357e-32  2.89240377e-32 -2.92830219e-32
  -2.73206986e-32 -2.71208117e-32 -3.11974202e-32  2.93337533e-32
  -2.35843531e-32 -3.01626855e-32]
 [-1.69220306e-02  5.61627187e-03 -1.58820860e-02 -1.36255911e-02
   1.41969300e-03 -2.29734946e-02 -2.46279370e-02  2.82309726e-02
   8.18165194e-04 -1.27267446e-02]
 [-2.62737740e-32  3.38575992e-32 -3.18952201e-32 -2.68750247e-32
  -2.69737867e-32  2.96963051e-32  3.01245495e-32 -3.21117139e-32
   2.98808842e-32  3.17296518e-32]
 [-1.24030620e-01  3.31419855e-02 -1.83242038e-01 -2.34924346e-01
   1.31589755e-01  1.37300134e-01  2.49389466e-03 -1.96236923e-01
   2.98168749e-01 -1.71822041e-01]
 [-2.88580102e-32 -2.95190964e-32  3.14414294e-32  2.76759154e-32
  -2.81628346e-32  3.01170351e-32  2.87046199e-32 -2.84644047e-32
   2.93542451e-32 -2.80003548e-32]
 [ 3.65957655e-02 -1.83118775e-03 -2.54532658e-02 -2.08133049e-02
   1.14230635e-02 -2.65419800e-02  8.88349302e-03  1.60063535e-03
  -4.16927189e-02  5.51727088e-03]
 [ 1.54921263e-02  5.81940114e-02 -1.94996223e-02  1.82053503e-02
   6.80126548e-02 -4.37674485e-03  1.95412058e-03 -1.60878729e-02
  -1.84611548e-02  3.58795673e-02]
 [-7.97627866e-02 -2.57309049e-01  1.88579947e-01  2.49741957e-01
  -1.49948299e-01  7.56499618e-02 -1.37381181e-01 -5.44858351e-02
  -1.35197297e-01 -1.34516671e-01]
 [-3.06192974e-32 -2.86366822e-32 -2.96556565e-32  3.06006717e-32
   2.97007779e-32  3.19074423e-32 -2.80286666e-32  2.94514379e-32
  -3.05635467e-32 -2.43923306e-32]
 [ 3.10693913e-32 -3.03804164e-32  2.96834893e-32 -2.87462001e-32
   2.97814579e-32 -2.81064755e-32 -3.22623270e-32  2.83191988e-32
  -2.91785792e-32 -3.14188804e-32]
 [-2.91908396e-32 -3.06614418e-32  3.08284884e-32  3.09375948e-32
  -2.92518243e-32 -2.92674260e-32  3.01983705e-32 -2.99778448e-32
   2.85450847e-32 -2.86067100e-32]
 [ 2.68369317e-01 -5.90352535e-01 -2.65614927e-01  1.50410071e-01
  -1.28492832e-01  1.54804409e-01  4.04334843e-01 -2.75563240e-01
  -1.82651311e-01 -2.29594082e-01]
 [-2.85266501e-32  3.30765214e-32 -2.70753142e-32  2.95550783e-32
  -3.03449488e-32 -3.19021555e-32  2.81125851e-32 -2.73853097e-32
   2.71334189e-32 -2.94378551e-32]
 [-2.89980583e-02 -2.69826055e-01  4.64185148e-01 -2.43144423e-01
  -2.08707556e-01 -2.99421102e-01 -3.18025708e-01  3.61752659e-01
  -2.31647670e-01 -3.21814537e-01]
 [-2.91726400e-32 -2.84652158e-32 -2.29819975e-32 -2.52902467e-32
  -2.75005669e-32 -1.57243984e-32 -2.82487485e-32 -2.84242116e-32
  -2.83244680e-32 -2.84696004e-32]
 [-8.61974731e-02 -7.47223273e-02  1.86700255e-01 -8.35838765e-02
  -1.34518474e-01 -2.09800880e-02 -1.03733823e-01  2.21055120e-01
   6.90204091e-03 -1.12138376e-01]
 [-1.15358015e-03 -8.32139794e-03  6.33034017e-03  2.57663941e-03
   1.58359576e-02  9.72931739e-03 -1.09489309e-02  6.48057787e-03
  -4.26510908e-02  4.67515830e-03]
 [-2.74271779e-32  2.74945866e-32  3.07929326e-32 -2.71666119e-32
  -3.04928848e-32  2.78109474e-32  2.76584446e-32  3.12082172e-32
  -2.67743759e-32 -3.21602500e-32]
 [-4.47586067e-02 -2.16915775e-02 -2.60043070e-02 -2.39505079e-02
  -8.06124788e-03 -6.88187312e-04  7.00836210e-03  1.14893079e-01
   2.24879570e-02  3.84156592e-02]
 [ 4.43091303e-01  3.41479152e-01 -3.65425020e-01 -1.78437725e-01
  -5.14461994e-01 -2.38794461e-01 -3.37110400e-01  1.14729710e-01
  -4.79178905e-01  1.17586724e-01]
 [-3.02800791e-32  2.91358706e-32  2.80257455e-32  2.85001867e-32
   2.80737673e-32  2.89302237e-32  3.25065801e-32  2.67650572e-32
   2.68381141e-32 -2.94270199e-32]
 [-2.96593904e-02  2.00614315e-02 -6.99690580e-02 -2.59623528e-01
  -9.05659944e-02 -1.05705068e-01 -9.78931934e-02 -2.16004685e-01
  -2.73973793e-01  4.86470878e-01]
 [ 4.30901945e-01 -1.79586276e-01 -6.23879395e-02 -1.78440362e-01
  -1.78523257e-01 -2.04290897e-01 -4.09637354e-02 -5.68580180e-02
  -2.05715954e-01 -1.89345464e-01]
 [ 2.77556609e-32 -2.98936207e-32 -3.09598293e-32  2.72715218e-32
  -2.65941520e-32  2.67804179e-32  2.67124714e-32  2.88129006e-32
   2.75299484e-32 -2.75279853e-32]
 [ 2.86430710e-32  2.92770798e-32 -2.95898112e-32 -2.91625337e-32
   2.93345438e-32 -2.82234959e-32 -2.84445241e-32  2.98163084e-32
   2.66667476e-32  2.78008322e-32]
 [-2.79675467e-32 -2.92152517e-32  2.73366648e-32  3.01298715e-32
   2.88986000e-32 -2.93328864e-32  3.02933505e-32  2.81767201e-32
  -2.82296732e-32 -2.90040741e-32]
 [ 3.03706627e-32  2.98945875e-32  2.86589608e-32 -2.77340230e-32
  -2.98886072e-32 -2.64621521e-33 -2.77797409e-32 -2.89098877e-32
  -2.82080588e-32  2.66021189e-32]
 [-2.99961150e-32 -3.03167928e-32 -2.82181063e-32  2.87707826e-32
  -2.93505540e-32 -3.01386672e-32  2.85698024e-32 -2.86280629e-32
  -2.88051511e-32 -2.67263687e-32]
 [ 9.32758860e-03  1.86455622e-03  2.95516998e-02 -7.45233987e-03
  -6.29893839e-02 -3.04975323e-02 -2.17469260e-02 -1.27677750e-02
   8.00292380e-03 -1.90497488e-02]
 [-2.81708896e-32  2.88355905e-32 -2.77783891e-32 -2.98082798e-32
   2.84620478e-32 -3.09259075e-32  2.91372870e-32  2.64868265e-32
  -3.14532813e-32 -2.86905434e-32]
 [ 2.84462521e-32  2.93484881e-32 -2.92466051e-32  2.87796752e-32
  -2.58746760e-32 -3.11824004e-32  3.20135072e-32 -2.97124711e-32
   2.49617489e-32 -2.87691839e-32]
 [-2.58793956e-32 -2.93895658e-32  3.14653272e-32 -3.03870609e-32
  -2.51194591e-32 -2.54592064e-32 -2.74669243e-32  2.83252555e-32
  -2.29170617e-32  2.87108089e-32]
 [ 9.51289162e-02  6.16684482e-02 -6.07724898e-02 -1.15760453e-01
   1.31157905e-01  9.27468911e-02 -8.86883438e-02 -1.81624684e-02
  -7.53925517e-02 -2.44622920e-02]
 [ 3.19490137e-32 -3.02944848e-32  2.94995950e-32  2.95884065e-32
  -2.96179349e-32  3.09383472e-32 -2.87416891e-32 -3.13472987e-32
   2.79015692e-32 -2.70654165e-32]
 [ 3.08962762e-32  3.17508430e-32 -2.91016343e-32  2.76959664e-32
   2.75830014e-32  2.82660283e-32 -2.95024691e-32 -2.84820283e-32
  -3.07137660e-32 -2.80692211e-32]
 [-2.04237670e-01 -1.17210649e-01  2.41618812e-01  6.97959438e-02
  -1.44667923e-01 -1.61978111e-01 -9.21432599e-02  2.78408289e-01
  -8.95497128e-02 -1.77272171e-01]
 [-2.36409113e-01 -1.01527847e-01 -1.61056370e-01 -1.76037341e-01
  -6.64308369e-02  4.57537770e-01 -2.44720653e-01 -1.71995144e-02
  -1.33324042e-01 -6.81901276e-02]
 [-2.96942539e-32 -6.65220209e-27 -2.29066865e-32  2.70561331e-32
   4.84762850e-33  2.85945378e-32  2.62625598e-32 -2.91533707e-32
  -2.60024758e-32  1.26808443e-26]
 [-3.10948819e-32 -3.15918221e-32 -2.95775302e-32  2.86625548e-32
   3.17669531e-32  2.89916168e-32 -2.93212049e-32 -3.14467837e-32
  -2.68180161e-32 -3.08737038e-32]
 [ 3.27008628e-32 -2.84493613e-32 -3.00838744e-32 -3.29130924e-32
  -2.71272681e-32  2.72217397e-32 -2.97727916e-32  3.59774358e-32
   2.92088629e-32 -2.49662687e-32]
 [-1.29058212e-01  2.18232587e-01 -2.33448610e-01 -6.88427836e-02
   1.59200594e-01 -1.99884132e-01 -6.46400079e-02 -3.04446995e-01
  -2.55486637e-01  1.36199266e-01]
 [-2.63704026e-32 -3.13159248e-32 -2.95033419e-32 -3.18839266e-32
   3.24350865e-32  3.34264837e-32  2.90319774e-32  2.91967876e-32
  -2.74342720e-32 -3.12019694e-32]
 [ 3.13251788e-32 -3.25084520e-32 -2.79242768e-32  2.80257455e-32
  -2.98101723e-32 -2.98523373e-32  2.85153418e-32 -2.87214971e-32
   2.77487314e-32  2.96690983e-32]
 [ 2.53236072e-32 -6.43970776e-33 -2.86258265e-32 -2.34820131e-32
   2.00302136e-32 -1.83534297e-32 -1.80842518e-32 -2.70120168e-32
  -2.31321346e-32  4.47512536e-34]
 [-1.75277501e-01  1.27250394e-02 -1.60260931e-01 -2.26183340e-01
  -1.06521234e-01 -1.55903891e-01  7.46473253e-01 -1.13903478e-01
  -1.58890352e-01 -1.02781437e-01]
 [ 2.71468489e-32  2.74439051e-32  2.95882008e-32 -2.76450264e-32
  -2.69159612e-32  2.79732303e-32  2.83932344e-32  2.68163910e-32
   3.06962247e-32 -2.88913942e-32]
 [ 1.15366556e-01 -7.13075101e-02 -8.34647492e-02 -6.71146885e-02
  -3.92830633e-02 -1.23060562e-01  9.29627568e-02  1.55694708e-02
  -4.66966219e-02 -7.53330588e-02]
 [-2.74485777e-32 -2.88915764e-32 -2.92915383e-32  2.81905263e-32
   3.31224215e-32  3.12589456e-32 -2.86184091e-32  2.79873656e-32
  -2.81669635e-32  2.93188715e-32]
 [-2.93271264e-32 -2.97775053e-32 -2.95813388e-32 -2.90155940e-32
   2.95270575e-32 -3.01851051e-32  3.34707881e-32 -2.99716764e-32
   3.26100471e-32 -2.74856146e-32]
 [-3.94600272e-01 -2.62580127e-01 -6.20011687e-02 -5.91088086e-02
   4.93682861e-01  5.41986860e-02 -1.36997491e-01 -1.97456345e-01
  -1.50791377e-01 -2.46708795e-01]
 [-2.90748654e-32 -2.95060778e-32  3.07708039e-32 -2.71839886e-32
  -2.67637729e-32  3.08428970e-32 -2.92250289e-32  2.72401332e-32
  -2.74266959e-32  3.16456979e-32]
 [ 2.71837242e-32  2.88949941e-32 -2.89057793e-32  3.22301890e-32
  -2.26078802e-32  2.44409741e-32 -2.82019197e-32  3.16368171e-32
   2.81017294e-32  2.91709091e-32]
 [-3.07480082e-32 -3.22462698e-32  2.74953889e-32 -1.92866032e-32
  -2.94188708e-32  3.43333394e-32  2.62262076e-32  5.10212215e-32
  -2.89722535e-32 -3.18141933e-32]
 [-9.84108523e-02 -1.10477433e-01 -1.53733358e-01  3.37663591e-01
  -3.73287462e-02  1.77706316e-01 -9.86042023e-02 -9.22650248e-02
  -1.24168344e-01 -1.32464796e-01]
 [ 2.77538095e-32  2.92003112e-32 -8.78269282e-33 -1.81152918e-33
   3.01794069e-32 -2.67179551e-32  2.27645310e-32  1.84531954e-32
  -2.83409014e-32 -1.18097443e-32]
 [-9.23966691e-02 -1.78304121e-01 -1.88562900e-01 -2.75674015e-01
  -1.00091591e-01 -2.03167394e-01  5.09376712e-02  1.58081234e-01
   4.87326711e-01 -6.02526851e-02]
 [-2.94495483e-32 -2.81225357e-32 -2.98301146e-32  2.88130886e-32
   2.99806131e-32  3.19629374e-32  2.92129889e-32 -2.67140113e-32
   2.81735962e-32 -2.76854898e-32]
 [-4.05764878e-02  1.92971714e-02  3.99997681e-02  3.20649445e-02
  -5.57923317e-02 -1.36702031e-01 -1.25075385e-01  6.82917014e-02
  -4.71687429e-02  9.08140317e-02]
 [ 2.90057639e-32 -2.87230223e-32 -3.04491182e-32  2.89466953e-32
   2.75436870e-32  2.89107693e-32 -2.91449513e-32  3.12882360e-32
  -2.78706713e-32  2.94885012e-32]
 [ 1.01223126e-01  1.90361187e-01 -4.26014751e-01 -3.91309351e-01
   2.96398044e-01 -4.72704023e-01 -2.30686620e-01 -6.65139630e-02
  -5.12098968e-01  2.38644794e-01]
 [ 2.82951952e-32  2.98461366e-32 -2.82175509e-32  3.27234059e-32
  -2.73456397e-32  2.88754427e-32  2.77297060e-32  2.85853425e-32
  -2.85855952e-32  2.76158388e-32]
 [-2.78801252e-32  3.00268982e-32 -1.45751734e-32  2.80620006e-32
   3.10710575e-32 -2.51806789e-32 -2.61175361e-32 -2.29873651e-32
  -2.72466631e-32  2.97320666e-32]
 [ 2.80025294e-32  2.74720671e-32 -2.98720827e-32 -2.95253706e-32
   2.52454603e-32  2.73762848e-32  2.69215125e-32 -2.57354387e-32
   2.63404980e-32 -2.60987488e-32]
 [ 2.75804329e-32  2.86448989e-32 -3.03218533e-32  2.81685181e-32
   2.78043999e-32  2.89829770e-32  2.80984586e-32 -2.77697933e-32
   2.73717944e-32  2.82103363e-32]
 [-3.38662979e-32  3.03880042e-32  2.87689900e-32 -2.81845783e-32
   2.82864672e-32 -2.67670437e-32  2.82919391e-32  2.95358443e-32
   2.75737591e-32 -2.77946080e-32]
 [-1.85035436e-21  1.87118672e-19 -3.04884473e-32 -2.90266201e-32
  -1.21634798e-24  3.10166116e-32 -2.54150724e-32  4.88480915e-25
  -1.21358169e-26  3.11466562e-19]
 [-3.13455149e-32 -2.88933896e-32 -2.95614554e-32  2.75979742e-32
  -2.95435144e-32  3.17593800e-32  2.67206676e-32 -3.14563875e-32
   2.94487049e-32 -3.03835138e-32]
 [ 3.22523441e-32  3.02350489e-32 -3.28813805e-32 -2.84689186e-32
  -2.86750797e-32  2.36102860e-32 -2.82399734e-32  2.99592338e-32
  -3.16682351e-32  2.99759112e-32]
 [-1.53922945e-01  1.13539249e-01 -1.62775993e-01 -7.14514554e-02
  -2.57431626e-01 -7.86399692e-02 -1.13732442e-01  2.88338602e-01
  -1.85973242e-01  1.20853007e-01]
 [ 2.95654050e-32 -2.77954691e-32  2.87519982e-32  2.87415481e-32
  -2.91189317e-32  3.04481219e-32  2.95092810e-32 -2.74525421e-32
   2.88915264e-32 -3.30566791e-32]
 [-1.35715038e-01  8.43701586e-02 -5.35221100e-02 -9.36464523e-04
   4.66323271e-02 -9.92661994e-03 -6.03692388e-05  1.00397700e-02
   6.04215898e-02  4.81742388e-03]
 [ 3.30542117e-01  1.96345553e-01 -2.66249508e-01 -3.73543389e-02
  -6.49771690e-02 -2.47611299e-01 -1.46039903e-01 -9.50879678e-02
  -2.74786741e-01 -1.47780538e-01]
 [-2.90704808e-32 -2.95942223e-32  2.80083628e-32  2.77736078e-32
  -2.77933297e-32  3.10552589e-32 -2.83911596e-32  2.83941924e-32
  -2.77364974e-32 -2.83207152e-32]
 [-2.86826029e-32  2.90094520e-32 -2.84639933e-32  2.74558482e-32
   2.96938719e-32  2.66319030e-32 -2.97387052e-32 -3.99961483e-32
  -3.05778701e-32 -2.12921288e-32]
 [ 2.58261204e-01  1.64398104e-01 -1.64158046e-01 -3.20019066e-01
  -9.07696560e-02 -1.33570626e-01 -1.38094589e-01 -2.69730657e-01
  -3.50116789e-01  3.90267730e-01]
 [-3.40855092e-01 -3.83115202e-01  1.99334800e-01  4.85184759e-01
  -3.92515272e-01  1.84937209e-01  3.00607055e-01 -3.53777796e-01
  -3.96234661e-01 -4.62113857e-01]
 [-4.78227660e-02 -2.56997168e-01 -1.19413689e-01 -2.26853341e-01
  -1.14733264e-01 -2.24034876e-01  2.82315791e-01  3.93759429e-01
  -2.32247621e-01 -1.99303776e-01]
 [ 4.68188145e-32  3.00198335e-32  2.88149665e-32  2.83156341e-32
   2.83843565e-32  2.83863166e-32 -2.89644188e-32  2.94151063e-32
  -2.66666977e-32 -2.46626003e-32]]
sequential/dense_1/bias:0
(10,)
[ 0.07848161  0.34256124 -0.21407458  0.0174499  -0.24067447 -0.25401008
 -0.32087845  0.00813871  0.0317577  -0.12086439]
